77786271217
77789152139
77029318571
77025287622
77020591887
77012237587
77012588045
77016159090
77013453362
77017213158
260950642595
260958528290
260952391685
260958433999
260958482504
260958107647
260958411933
260955785743
260950525095
260958929418
50253845001
50248134742
50257367108
50233528736
50231517360
50240865726
50230347073
50232875515
50259977581
50251598961
6285893794984
6285849313013
6285883202058
6285852050032
6285847821649
6285879104088
6285856633504
6285793704190
6285797340329
923315956141
923361653700
923365036473
923348565531
923353456090
923339651014
923343875942
923340267739
923324952617
923300409291
4917656906871
4917656816194
4917645729200
4917640760763
4917622996610
4917627574509
4917631321789
4917687119677
4917699878570
4917697315842
4917676684029
4917680892605
4917678647503
4917682969698
4917666884403
996224277281
996776028186
996777747189
996770306371
996772408173
996221009334
996222889681
996221134508
996776956294
996779363181
923101808846
923167150491
923149441622
923152268418
923155510067
923134255276
923124189224
923125514984
923119995556
923116132384
923154501177
923165724779
923117135337
923172972729
923169002291
923130295843
923103773053
923166389480
923154639689
923151548351
2348189536051
96897664939
96878047793
96895274399
992112840683
639150428045
252771554015
966503461220
2349058714102
966544251880
380973965871
593978690639
84935849811
84773617479
231770598150
231777252132
231775462026
231777675273
231776798740
231775685639
231775213590
231778069578
231776583923
231778347368
218925614875
967772654880
21651810385
21654082258
994707042921
639061925204
77059551018
77059564702
212644281192
212660013194
212664508093
212660024851
212771981024
212669590573
212669799801
212664808351
212656948099
212620704310
212620387037
212620418524
212675117169
212620991131
212620850823
212693637528
212771980902
212660579406
212612883403
212632483007
212644489246
212614931715
212645130791
212777469687
212691075981
212679957018
212688647220
212693049526
212649477318
212664980276
212664391831
212665870896
212656552083
212621399548
212621181211
212771254588
212777716202
212684823330
212771490425
212675785011
212771626937
212771746636
212691270931
212649100503
212664080350
212665834427
212645556365
212649215434
212665498874
212649528595
967717191065
967714872195
967714170540
967717766385
967717707849
967717044737
967717064947
967780579114
967715599638
967716384938
967715658221
967715411886
967715112638
967714433547
967715495798
967711315179
967711298404
967711343442
967711007527
967711482226
966546389747
201207433649
966566843374
966545512465
966541093237
966544409077
966567271586
966567136731
966545612250
966569578239
966566191120
966549333959
966567893557
966545614563
966567231232
966560000699
966548727560
966568631105
966547511221
966545052358
966545052722
966545052737
966545052922
966545052951
966545052988
966544901697
966547519242
966567233577
966547510262
966544908038
966547516478
966546852889
966541015725
966545611422
966547513264
966547512998
966569254879
966545617143
966544456806
966545650710
966567128808
966569851467
966544616530
966543068711
966569920836
966545658140
966545616868
966540257993
966566038608
966547518234
966545656773
966547517777
966541095039
966541095202
966541095362
966541095373
966541095462
966541095896
966547515805
966567337294
966545053544
8801787618081
8801720748501
201017732602
639630583638
639309675336
639516218675
639685966370
639518408757
639123316275
639504835136
639306891232
639512531196
639982724155
639514581985
639510259964
639649584431
639638626900
639101362500
639123882500
639813679126
639638323402
639485538308
8801714134474
971554890180
77001978385
77007122388
77007203666
77022773025
77071133086
77071212249
77073675691
77073793100
77076600581
77077548751
77079010395
77079039858
77081193762
77081625749
77081887704
77083037457
77083837967
77085041902
77087087172
77089107404
77782417983
77788619933
967712970892
212602362904
967774452096
22373413964
22375751422
212701099079
201144141213
252626821151
201156924539
639070127042
639092443888
639091704647
639093827740
639073340802
77710078828
77710093628
77710748048
77710755451
77711971271
233269749808
77000096838
963985263767
22376868744
22796346975
254772093250
967718568581
989204910442
639207551061
639185424743
639207654883
639207748923
639185522471
959682624043
201127252167
201285897877
963982062642
21622031934
201155109464
201154472353
201127249119
201158734589
201110970311
201153572810
201140189592
201100981321
255622596936
94778292960
447839177823
96170203038
96176196354
994508774584
994517238314
994509685749
994515292308
994513246161
994516370877
994507411184
994506711551
994508674115
994503901910
447839178989
447441511644
77470161488
967776513869
917037266400
84704176482
96897268684
96895057344
96894408492
96895074838
96894328469
96896394705
96896316030
96896684923
96894820277
96898988722
96892590195
96892590820
96892592517
96892594976
96892597959
96892599041
96893495147
96879265400
96892525961
96892550152
96892847730
96899523290
96893262192
972599864672
22890914356
22892146030
22891176602
22892108953
22893292777
22890721429
22890558795
22892028619
22891047142
22893132046
22890515146
96170402542
213669353451
639483129325
77471210523
77478725921
77077331057
77075776041
94716061290
94703306192
84586036504
994509974188
967776950401
212614221736
972594403038
213667766955
639620857084
94751182137
212605079764
2348096632963
213657686681
255719161939
255679631923
77074120370
77780299754
212679412976
2347019154295
22376184991
201209203920
639993229775
212700093985
213696349809
250788222348
996550482412
639228693322
213673806995
212661171126
21695985143
24165796112
967774476866
201090863485
213664117454
63942471996
79517168097
250788817925
994557192767
212773169020
201266667788
24166905523
96897151030
967773180464
21690014434
967774863240
201268183530
201263928021
6281262232909
21698117107
59174942244
94752346889
967779981501
201262833580
201209253423
855764014738
855182046502
85511380092
201266325690
201262341390
201260111684
201209522894
201265595342
886902376141
96176002910
254778258685
998942279562
998953000405
998974163314
998914613971
639812329500
250727877787
250722260747
25761051120
25768102737
212647870739
24166776201
21627376491
447733905916
447839223058
996888509905
233262805419
201116464515
962791193245
24165015551
24165358452
923355802822
77081698305
77006737537
24166625224
972597440925
21657397391
201209596690
201260157472
8801795726953
25767860464
8801935935303
8801758635594
959661511759
639151302006
24166103940
8801968659687
989209442097
8801977005750
94778267458
989208496148
94742874497
639066950227
639053335372
221769438534
221764397622
221765316750
221762639796
221764826685
221763212746
221766069482
221762378436
221764085132
221765140111
22383258117
998952084579
996500577769
67074305707
992555577825
994503192260
994507588206
994513635431
994509694424
994508714880
994514478313
994505091432
994506361907
994515219835
994517151252
994515526871
994502818227
994516923659
994508003150
994503671895
994508304337
994554553632
994553019408
994552495468
994555011472
994559410927
994558909665
994997001049
994558386988
994559244006
994556817367
994559551430
994558557256
994559031408
994557300698
994556218535
994554407051
994553138834
994552504783
994993130671
994997339424
8801964482638
8801701398129
959670107253
998974450057
639151582746
967705177066
967706623263
967713837403
260957503064
2348083797747
998902828762
967739915793
255624666632
218946353266
998958150859
6282284575956
6282350272593
6282208226721
212704854969
94766591147
6281818110704
6281818120748
6281818121702
260952276551
260956696551
260958286582
260976666537
260978016523
260978446500
260979416515
260951728882
260955359238
260956747847
260956857225
260957118881
260957738012
260958658521
260956641096
201264959929
21693651940
596696743446
967712332294
923160775321
998951022366
6282132711373
998952089795
213669535773
967770578397
6283161026522
256701343131
6281274716025
967701710740
218926057915
96896496984
380723952990
249100685956
218922646306
213771055391
213771835361
213774935380
213775765390
213776995339
213779325369
213779935368
213781295322
213781685303
213782495318
213791405399
213793775395
213794155362
213794435323
213794715366
213795135357
213795565352
213795835335
213796895351
213799615320
375257405371
375259265394
375292315330
375292695350
375293655329
375296145321
375296965333
375333845339
375333925385
375442675302
375443565337
375445205312
375445455336
375447035340
375447735354
375448695316
855318655384
855319785335
855888365304
855979025360
201154945392
201200855304
201203985351
201206825317
201208495366
201210555364
201211005307
201220745316
201223105374
201226895386
201226975316
201227385389
201266685367
201273825364
201274815329
201276735377
201278385316
201278445337
201280905381
201282125306
201287155364
201289185360
201555185309
224620665357
224621465389
224622195353
224622355389
224624705392
224625715353
224626045395
224628025349
224629335354
62817715377
6281805255334
6281805545313
6281914445320
6281935205393
628197835321
6283151795367
6283172585340
6283892455327
6285930445316
6287715745373
6287717105314
6287770015313
6287783275314
6287784665390
6287811075399
6287841055307
6287884175311
639052745268
639109065262
639127675291
639154695219
639266785265
639271305255
639288125232
639306055208
639307585206
639363285268
639460325294
639467205269
639532685296
639535925288
639556245288
639563175203
639656405226
639659775229
639662375279
639667545234
639674315161
639812684178
639813834103
639957414172
639959404070
639975934036
639983264042
639993424092
79120364001
79132034035
79134684054
79136754002
79139614065
79142794076
79145514007
79145984012
79146734038
79166144091
79170664061
79177554038
79189804078
79197234029
79210104097
79214004047
79234824017
79244394005
79245494056
79389134000
79534814038
79822634057
79850894065
79880224010
79885564066
79911124082
79960924097
79966754052
79996744057
998500724385
998502214332
998505764378
998506784365
998506814392
998506824372
998506834329
998506864357
998506914399
998506924326
998506934323
998506944301
998507154304
998507214322
998507284324
998507764313
998930574307
998931094315
998934244369
6281262512115
996559014005
201254468646
213553092413
967716925454
255616131264
998914257614
967712243742
96590912346
201265520776
77071517018
221708775881
96896387215
96879465184
96893078616
96878210234
96878912244
96878963806
96879672036
77086790096
959679286781
380995935652
923369522221
96892390647
212627524062
385925424475
201252621359
212715691902
213660761179
998993573370
998956886045
212607543467
201267158614
201107091964
213668121826
221708133138
8801928967596
77076914871
96551182422
967773788964
201276289815
218930144667
994558045667
380633965868
221700727801
2348165700924
923367502367
22360990248
22372701268
22372702238
22372704202
22372708204
32462904321
375257705359
201153665368
201199558285
201142572711
2347021002896
959677160507
380913304553
992872455003
213681631825
221708027983
22392504193
601157842882
22371465272
22372117040
22374182497
22377133440
22378785693
22379401070
22379464566
22383994061
22371928797
989917717283
380955034309
93738433301
249979473436
77774274372
201101586595
992788962304
213706936504
995599789414
221774440128
998998674425
22991990382
261349870491
213666868577
260975320802
260975387289
260975317201
989150300172
9647819227284
998936605390
998938743760
639156022581
359885580333
359876111186
359876152157
359876159135
359876173198
359876270187
359876285184
359896664185
84924240751
994553871269
923455592281
959684327742
77082285374
212601320078
2012960222462
97690861285
359884054638
213658625529
40730969491
213770532441
212722697079
201104005051
998942763611
962781881061
96596009147
967786417617
855717775339
59175683484
50761631899
22395875922
24177372754
77082158934
9677353720746
967737621213
59174572223
59173331638
959259934931
59172140853
359887413217
22364874595
24177295401
59162721229
50763371439
96565775508
85566218473
967715425946
96569900082
84922894778
59176357919
992933903372
213661603987
380911488326
249122451636
994778767490
221707982062
998999866503
375259322655
995555106675
359877471828
359885202666
359886732265
359889601691
628557577394
6285861385073
212633370066
905019813964
996558652568
251920469115
992774999652
923350712714
959660793609
213696390453
85510202460
994708754998
201113370192
996507014582
213569702368
375295745790
224626307420
385910179612
380919027274
995551602894
959690750404
213549421031
94712275991
213793805906
213784452177
213770148591
213791317751
213775598139
213783120139
213773298916
213773930599
213798187573
213792174682
359898880575
995572291585
380937046498
923306479346
201108591270
6281297888775
212629854529
995552006316
972543727978
923377851676
923322170278
923306181029
923329451269
923370466477
923301259069
923377768792
923352556630
923301459406
923363982693
213552919205
541126539371
992779902165
84923851801
251978042231
584261933655
584266976339
584168848714
584162120410
584169371552
584267063770
584267460610
584260516515
584165227920
584163135604
584262654299
380917529009
989942527050
992114023497
22990535114
261349151857
22399339173
995597080301
959671197670
2349025338951
251917432360
998947526263
972525603540
375330132585
201117406665
201104872743
967773543312
996558380317
996559660451
996999625229
923301747501
923315667652
923315737622
923319857527
923319867585
923319947647
923320727605
923324157667
923326497653
923333667667
967713415426
923339977675
923342527638
923352017517
923352027649
923352737593
923352937542
923360117646
923362047677
923379787677
923394007606
996552350501
994515705042
992551995864
22997377564
213678185122
9647507977723
385919440182
201103970761
77478566545
221778417592
380684930516
989226745655
77024828591
972502271900
79271803186
989177068894
24169956588
992928547520
25763812543
380945488204
221772706904
22373357512
201288381644
6287787297934
212627864413
959666264443
213661220241
261340294121
67078762038
447498089801
992805833170
543858145480
201152730472
972540214267
96170307105
22951880603
254113009441
966581438648
6285172782613
94718392532
77082152176
260953159154
992112554367
992927828051
992501111983
992932224618
992926120557
992926365231
992926467064
992111148298
992933042560
992939355465
992934141155
992997772269
992929354501
992928335534
992934017473
992926003983
992937447271
992926108227
992929665504
992931759659
992924779535
992922125177
992934118249
992990226860
992110449883
992935004666
992207088008
992103805046
992501041410
992927906979
233273321160
233273304644
233273284376
233273291156
233273398464
77474726543
380912758644
359892284773
972594811994
94782014968
22895159910
639058218580
962786497698
249111517311
213654038435
966577714837
9647729819082
959667388499
64277015917
639180621732
639180721805
639180741548
639473502171
639478762647
639499324749
989223102020
213664473073
213656263172
213664503662
213660536796
213698108961
213671589805
213656229881
213672041355
213659442885
213657896323
972598039734
972528652573
584120770052
584121162320
584121412229
584121436379
584122657938
256746371352
584162122087
584167368209
584161192135
584165746004
584164999158
584160640965
584164385864
584263244934
584266996109
584169455254
584265979510
584269629515
584167199457
584265195875
584166810967
584265826128
22877964251
221776093452
261342527416
9647769992385
201152468138
256742366034
93748306053
93748979170
93747554069
93745027988
93748003390
201117019325
201120671371
201122310116
201145590177
201143631636
218930051789
218930005763
218930096060
218930192867
218930012207
972599377023
972595477177
972598596511
972597944661
972595383227
221704877392
221706511122
221708270772
221704099220
221709402778
260958876698
260957375927
260956818857
260957713126
260750699537
263733218436
263738863132
263738903527
263734699918
263736433280
6281280718696
37377572341
2347020989919
201267122736
967702474757
77028177308
261348917764
24167951207
994557935076
22965026894
60174200633
380911718262
385953974107
2385146115
2385132094
2389622455
2389630070
2389653540
2389660126
2389707883
2389713512
2389723835
2389803726
2389816991
2389826849
2389838877
254778829572
2389842426
254778706088
2389851980
254778699314
2389613363
254778164653
254778810245
2389580973
2389572369
254778835198
2389563692
254778714677
2389407069
254778659892
254778590507
2389418675
254776882708
201101828968
254778324293
201125557936
254778274363
201128667846
254778490123
201102342486
254778662800
201127084011
254778951320
201144464485
201125885066
254775129815
201123252611
254778616698
254777602097
201142626985
201127873217
254778679597
254778474598
201145096140
201152393699
2348098669910
2349094651963
201144911953
2348096592382
201102002107
201120221173
2348094657623
201144710163
2349086535532
2348184956017
201147098082
201144960273
2348178776364
2348099494912
201121004959
2348182798366
201124398453
233263740363
2348182004426
233230070399
2348092004246
2349082690988
2349081611392
2348186250474
2348185999853
2348177412108
2348179032078
2348097541444
2348171575892
2348098067725
22790283711
22781042433
93720801302
93720807355
93720807592
93720808191
93720808728
93720810455
93720814280
93720814404
93720817488
93793740091
93793741904
22782439307
22781371849
22782087153
22792069611
22782822616
22792386332
22781208699
22792171215
22781317655
22782069879
22792836422
22781413983
22781798012
22781839800
22782287366
22790919012
22791946185
22782789731
249114741335
249114755649
249114735749
249114763033
260954320405
249117091110
260957571546
260959554732
260957218659
249125179038
260956942810
260952345750
249118487832
260957750062
249117870434
260954740012
249128621237
260956783685
255616571703
260951387743
260957840736
255629939603
249123778397
260957486726
255629977795
255629961581
249115693968
260959895338
260952191901
255629918098
260952372835
255629992539
249127945980
260957742177
249119790512
255629926511
255629950310
233273808162
260957945583
233238442281
260953846617
249113923325
255614158138
233269543618
255623472252
260952659139
233273384518
260957011843
255623145241
249114794913
233275025345
263737832249
255625275926
255625392833
233265798946
263739124149
249126976942
263738772220
233236837228
255624304820
233264310682
263736523007
249100074636
255629499210
233231165147
263737765689
255623088130
255629773311
233267559236
233275010106
249119235491
255628305234
263738106290
233274986583
249129284982
255625635445
233274712578
263736578475
255628043221
263734436568
233274956948
249123355106
263739995471
233275276486
263736254988
233274483309
263739737926
233274383948
263737753662
233274281075
6288211460463
263737117419
263737343626
6288254781437
263731203686
6288211373174
263733555858
6288122272678
263732751517
6288200867255
263736089561
6288201618373
263737994744
6288200052610
6288200151034
6288101252068
6288211325296
6288102466366
6288102261223
6288236638434
6288211511284
6288211319252
6288200164925
6288211340540
6288230406526
6288254761749
972539090311
252610340090
994779325665
252656665331
96895699733
962786249660
94705078863
94705081659
94718623517
94701527471
94701643871
94701828065
94713453908
94714413950
94714371301
94714119132
94714011573
94713713486
94713624932
94713501206
94713435245
94713355126
94713336797
94713292995
94712989382
94712725194
375297843858
375339964961
375339534197
375339294225
375339214954
375338175433
375337994668
375337345277
375337244555
375336803619
375336364618
375334823525
375334794316
380944336199
380944905229
380949846237
380949345836
380941925758
380948756168
380949546101
380947095149
380941014745
8801936447097
380940015659
380940864689
380947146240
380947025239
380940586294
380941974958
380940295265
380940635463
380948385390
380948885646
380916955449
380915539608
380915523910
380917529373
380917353323
380914608421
380917393350
380916059979
380914687686
380912548416
380912268650
380914589767
380914368334
380917035701
380917963482
380915827921
380912737766
380918917895
380914164004
380912759766
380914548468
380916900967
380914025514
380917269502
380914939988
380915788779
380912828706
380916750960
996999993142
380916985596
380915685213
380917140491
380916848265
996557658143
380912639766
380915988280
996557484230
996557350373
996557226643
996552113397
251911235524
251914032730
251913870335
251910374552
251912123423
251915749787
251910135253
251910169347
251914008703
251920804081
22222424839
22227329610
22227802999
22226116858
22227660191
22220190252
22227280614
639190075071
639190061546
639190960364
639190098133
639190031483
639190988180
639688514981
639190948709
84908069086
84938981286
84899374828
84772743690
84764755752
84901992717
84775182240
84703195205
998919992586
998919956179
998901097049
998905304234
998907885015
998907090036
998909338404
998905913772
998903041850
998902500635
9647805996272
601132711133
60132117321
60108224185
996550983003
996552641447
996554619342
996554819007
996555300563
447366900711
972546927943
855976556758
201129921402
201140998293
201144793258
201144862419
201145948118
201146109392
201147247270
998958766600
261345691580
9647705057891
9647701923985
9647750145077
9647738643534
9647713682475
9647701508524
9647702712621
9647702104170
9647701209580
9647745955567
213549004792
213542620098
213552947105
213540738271
213556069261
213540044826
213555203340
213553022434
213542379805
213561461414
213542535107
213552455016
213540568802
213554075995
213542807972
213559350836
213540858686
213562290345
213549349172
213552106734
213549361411
213541112513
213549580223
213553609582
213555993786
213554233343
213556461787
213542064286
6288102441637
6288102243431
6288108010497
6288103660797
6288102552032
6288101032910
6288200525481
6288211412036
6288111151711
6288103786430
93749406368
93747068049
93749619956
93749829790
93747000643
93744459694
93749900037
93747990122
93747452515
93748453057
260950374955
260950342790
260950896501
260952806039
260953817534
260951064664
260957269344
260959634336
260950180697
260952599050
23059570302
21627388306
21627397597
252610340464
989209416497
93793732815
923114227819
218924628398
218943789566
96596766185
966591446392
966545757741
855764815564
85599166731
85517427198
6288236010413
6288231234302
6288235599600
6288230416829
6288231705597
6288237401402
6288236219865
6288236957370
994709550765
966530186015
93703190450
201296493915
60125273719
60163824668
94767675417
966561657849
966561847160
966565562623
966565563132
966565564567
966567996404
6281233229828
966501957494
213644744672
923214895968
923209663515
923038618996
923005360571
923023340855
923043074506
923082125517
923023653991
923086224281
923041503146
923069301184
923212763419
923085406398
923010459630
40730173644
966569180876
966504672938
998956121353
94713558246
966595955282
201119624609
967712057786
998958805147
998999506050
998952126104
998999139202
998955574451
998957927771
998950306193
998990102874
998950857454
998999741728
998997169158
998996377555
998951915139
998996069445
998991458127
998993668053
998997290270
998959575936
998993430897
998997632190
998958232684
998959472091
998991352027
998953136785
998950540609
998958454493
998958059622
998952296555
998955973013
998991465687
998950564270
998996964099
998956770678
998953468673
998958186978
998951721656
998994803607
966589950583
998993847485
998958584806
998993292804
998959496288
998954405759
998994249464
998952322576
998996826701
998996530926
237658234830
237692192246
251944932668
251964941127
251972322261
251936975040
251953732073
639355390385
639770010426
989209369880
995553413326
6281338753935
966501549540
966504560315
962799698267
601123869616
601121775674
60198612049
261344066257
529833130222
9647514405460
967716886899
77477919844
995597186385
923360635768
972524040289
251910022027
254772957312
254773076478
254773854567
254773910286
254774072894
26666779104
26667414557
26667850121
26668036606
26668211063
2348099444640
2348185110227
2348185254213
2348185668272
2348185748851
967737953963
233273245618
972521263111
972546929554
3197039490450
3197039490492
3197039490498
3197039490527
3197039490537
3197039490538
963932218704
963932287503
963933178634
963933557082
963933967016
963934297749
963935268548
963935647333
963935667053
963936638817
963936998219
963938177657
963938898089
963939307926
963939547246
963981728337
963982627323
963983217947
963984458834
963986538045
963988348190
963988777642
963991798451
963992417054
963992638479
963997487086
218913392387
218913885335
218914882041
218915941663
218917055170
639105980900
639126247087
639708544536
639859508139
639985948911
84769837605
84793510986
84898490016
84906595611
959781593997
2347050877026
639303255981
639308195294
639302379943
584127842733
584127854728
584128240811
584129130782
584129883771
923335038426
923339314426
923342590444
923345121329
923345517427
255677077056
218913498049
218918225305
218914501952
218913967379
218916917302
22792983968
22792523659
22792476761
22781658359
22781680965
94718856672
94710591789
94717005974
94715649237
260951514260
260953384371
260953390661
260953355662
260953364021
22220598101
22227028584
22222634947
22226679337
22227847833
963969180461
963968284180
963969677450
963951650995
963969806948
93748098664
93744509623
93748427603
93749884313
93747348741
201117940116
201140513029
201159631243
201126895316
201114339854
201006519345
201005105643
201001834212
26668934556
201005473393
26668745281
26669402217
201001495800
251910577343
26669389578
251911358637
26668489169
251925452834
218917554264
218913277177
251912119312
251911431624
218930894372
218915426732
233265929351
233265894266
218931996292
233265331090
22222852011
233266852418
22227794804
22226285573
233271488683
6288200893679
6288200631529
22227236652
22782635031
6288200398807
6288101153980
22782235944
6288102405526
22792857143
254775284693
22781726383
254776062765
22791996743
254776672277
254776672897
254776674311
972598165003
254776675435
254776676458
254776679896
254775313323
972599364586
972599292901
254778923774
96551640781
972598237375
96555071790
972599544075
96599872367
639190955213
96556682209
96551450436
639100649644
639190001706
639088808634
639688539503
221709773774
221708934634
221707972116
221709828084
221705166337
252623720524
252625241390
252628601732
252627511617
94701613480
94703343310
94703368232
94714921973
94716188683
380911495393
380917136474
380918338433
380919098051
380919614572
263732233983
263732254781
263734978511
263737095927
263739465685
249115514314
249115595266
249115609576
249115715081
584263249635
584263170996
584163689544
584168616043
584269246465
79370760037
79312443124
79685804537
79308043882
79814330771
79389162009
254777162988
996505561564
966597788637
639684077359
639684367538
639685414499
639686052041
584120214553
584120322710
584120464584
584120523335
6281342515036
38641094122
996880739895
996559596417
996559947292
996995657321
996998869317
22891114322
998933632927
998931335808
998940247583
998935532382
998940733799
998937852320
998943091212
998949817142
998939903768
998932251996
998994978613
998958618740
213791861183
967734831613
8801915199477
265880075927
265880140512
265880175843
265880460808
265880595347
265880603792
265880702993
265880751527
265880807061
265880849003
265880874238
265880926504
265881030867
265881052185
265881110089
265881131461
265881159075
265881168975
265881169983
265881175787
265881195453
265881203898
265881306760
265881330441
265881370377
265881421274
265881448157
265881462171
265881463606
265881567822
265881602465
265881672285
265881698330
249125912038
249128328046
249113293384
249116797081
249124137912
249119210531
966590921125
8801973342185
639511821139
998973551735
93764111626
213789250022
218928906874
218929244543
218928573584
218929092410
218945032340
23567889613
996550023445
996550700727
996555641277
996556473917
996558022960
213668863031
994517229764
994553100115
593980060125
2917526173
77002349233
966566051555
966500240030
966500240062
966500240102
67073887643
34604109459
34604113583
34604853751
34604896098
34604905877
34604968784
380506084386
380660303602
380506814043
380506727793
380506767559
996707187140
996555598556
998977737780
998939788567
59160730153
261347430974
639611096791
213776893463
447366839300
6281918760079
22891905055
966589321386
992753522762
994511345062
260953837465
9647847729299
966599425910
249962927978
967770707100
6285143000024
967731270194
9647875518242
380913291761
249913476078
249919163575
201128538795
9647803402129
989999147407
249901011440
967736048457
967779708700
966596134037
249969645571
9647857457776
84935890122
249911979556
966537653551
967772857890
201295892774
249964124507
967773178535
96598892272
212635943206
966554327552
213546547057
639265890242
212725161126
38345970282
249916866045
93723275561
21695896010
8801781826804
60173101842
966549918788
639632366213
254789778982
85564448437
966567263172
966503026734
966570510685
85566630050
249917405042
995550539214
38641603625
93744433009
93743095805
93745104425
93747374681
93748128817
6288124419508
6288124437375
6288146473434
6288231537313
6288236056666
254775137598
254776712910
254773594698
254776735616
254776705109
96599882901
96566613564
96566996764
96599601053
218914897393
218914816343
218914867622
218914802866
218914874934
249119021396
249118211380
249118021059
249119789026
249116717328
260952457464
260954083038
260954726421
260951268476
260956514516
22360399969
375257318344
996554765222
996557058439
996555259392
996554237935
996553835248
84799159481
84792010234
84899122955
84794860283
84787754005
84792169228
84793468465
84793254767
23590006020
996701555010
996706029849
996502164330
996706405668
996501509738
996505995635
996505708704
996507195935
996703986778
996709436122
996709021770
996704224910
996702937559
996502408161
992912587270
201113092474
265888878369
201282630171
38641990501
639655397486
992903161994
84930939881
251905360822
23595557063
992913753776
213771419447
962778173536
962778068496
962779001957
962778087509
962778420088
959686434693
213549314303
992973377297
992915419702
992200477258
265887389110
265880838519
265888280388
265881501148
265887274532
265880560739
265888128648
265881579256
2349040424526
212604324402
67578627203
959682075432
201295786122
258825026731
34600057117
34645207897
34646569453
84907134086
84932348209
84776330300
84904136753
84904907825
84905511152
84935493576
84936376352
84938112533
84707990875
6288123280025
6288103773712
6288200086062
6288108027065
6288202066486
218910140282
218916955383
218916928942
218916977492
218916946957
212663584433
6285157753673
6288238199068
2348093314968
255679179004
37379189382
233276232726
233273590962
233276151949
233264228309
233264201390
254778755936
254778764452
254778947493
254772736355
254777731792
380917031274
380916982034
380916955832
380918708817
380917839909
959979162453
972592305937
84589317431
213795592509
639366645861
639362046183
639360949528
639362942156
639361215012
639362976926
639360172287
639369167910
639369716626
639361980037
639362551327
639363880818
639366227149
639369672831
639367644599
639364026200
639365931378
639361201745
639365027145
639365724189
639361810255
959686379011
213675169869
996558373189
995574936419
992911282854
962770453907
77073547869
855715647348
201159787315
221767715630
96180042898
249968328315
212722012109
218944387714
491710816697
998911564214
256751444012
972569823325
243988571783
959678787333
67589177052
212606462155
97516703459
85591074472
213795430880
221765544943
996500674232
201129416826
967778842876
4917670799688
218914436613
923368058901
967776577545
4915158930299
584126179602
221703604834
221702272982
221706752329
221704075693
221707943983
22782266439
22781923750
22781878089
22782039501
22781190922
2348098003185
2349087655776
2348090905662
2348091913675
2348184541196
2348094703160
201291569117
93790962987
966549354089
254798067826
22896263723
96173726391
221765724761
254762361325
261380348740
3197039053589
3197039053591
992107650805
22669514424
959686876574
212774915964
967772871440
218916199310
923339138236
213660700096
4915112217834
201266978747
201264152071
4915159144416
213657965864
201265888805
6288989664755
212774406467
38343051003
970599435389
84905390990
84898498316
84795907588
84799150715
84769833790
212775937438
601123015675
263739856819
263738889939
263734766764
263735302462
263734947979
97573396435
966565807460
23566439278
959673542178
67573968341
639992212965
992935548702
595983711431
23593514637
972569855486
996706348197
639488961008
213656856017
201209132519
967714279414
6285655887472
6285724326596
6289651988017
992987385625
40727680168
237691703059
237690610620
23599389388
923097730969
218948101211
639483208549
254714423260
96176231251
249919203788
6281219789915
96171773395
201292653521
51916004076
84826570505
6281263250618
213540021857
77476033437
923219906063
995576996802
67573084927
50931053532
50949175556
265884930748
265888543433
265880922708
201153882111
9779802789000
9779701416634
996502863134
963962755168
6281221494009
212679682597
992921835336
67572628271
628161622383
996706494749
447735029621
201117496438
923315514082
96179907387
51918036634
51918228201
51927931698
51927877214
51910396909
51918472408
51926429988
51927430165
51927266104
51927475918
93774252569
992995766378
996702771276
995557116429
22363885161
221762365136
855971866264
254793190767
93775478919
79997196797
998916276409
967777850689
244990007431
989234096122
2349030035116
967774694703
2349159154921
93777797917
77079529626
22893926869
998903603610
96171013144
40749300702
989223237348
992207741995
992935411817
992807242914
595982411311
923366944770
992750416343
221761306210
584125100002
22871580091
584126055918
584122953154
584123705351
996509000835
93777688675
93779193464
22369556025
923161466256
258864785719
201281406225
201507227297
201002655288
201151491098
6282334224224
212620091875
995575023260
96897762494
201141302704
6281298886494
218930025822
218930044246
218930069663
218912138115
218914994260
22782472704
6289697333456
85567978453
959670006503
998904774552
218910372222
201101076508
201117746912
9647868092212
96171200145
996505184185
260977301329
8801956912191
213558439879
36309999509
959689278971
639305138859
996553855171
966547523376
60177998324
6281282319303
201241625992
2348130271070
639125024785
38343628374
38349148204
38343642779
38343643437
38343645100
38343645229
38343646066
38343647218
38343647437
38343647485
38343647982
38343648225
38343649355
38349642717
38349644698
38349644786
38349644990
38349646260
38343346361
38349343171
38349344018
38349345382
38349345893
38349346070
38349346400
38343656047
38343222621
38349130904
38343811595
38651671154
38641006948
38651081085
38641530831
38641758385
252659505734
252662808698
252665269617
252664736058
252661843445
252667764469
252666390254
252667152646
252664031515
252664276995
252662715209
639175838298
639171805879
639152670316
639053257272
639176263780
639773185713
639275974264
639567858930
639052229287
639569076601
227231352165
227801638214
227239757213
227801001170
227238580761
227806757987
227237484486
227807810856
227232166246
227809435703
227239240718
227807964588
227235765542
227803615899
227230573078
227808833557
227234685414
227806081091
227236777559
227805635589
218918141937
218919686938
218912250045
218912695286
218910739669
218919555553
218915870873
218913416607
218912296357
218913248313
218918645478
218915157796
218910741926
218911900714
218913892937
6288235567111
6288235881895
6288239270340
6288235221058
6288236184974
6288237717864
6288232548338
6288232638345
6288238877128
6288235427457
6288236594324
6288235574126
6288232764065
6288233914449
6288236246693
6288237729044
6288238485624
6288235906940
6288233879939
6288237653293
6288238024101
6288233693464
6288235338895
260952278477
40745368113
261345888322
62895339899785
85563821929
2383380316
22782048101
22782091489
22781179171
22792302346
22781277808
93792378695
639173963241
40724679555
31628181933
201551717742
2383408443
2383430614
2383461182
2383472239
60196201660
601158963676
79771506016
201557671819
93775845584
201224289809
22891017866
994557213810
212604113347
60165963365
4917676239286
93771086069
2348126828265
447723181536
996559770738
6281514069040
6285876192876
6281280782068
9779802289762
8801950950181
22226800597
22226615978
22227082962
22220332531
2349136566687
201298023834
967700789336
201200848321
959772685464
992013780750
22393193316
22394292226
22378723577
22371472643
22390932270
22383034304
22382713415
22372582013
22391603455
22392093488
22373403883
22373262551
22376832259
22375242045
251952743884
251913077854
8801988444679
201509658241
21692352704
9665934182953
254780410099
966569081224
966569081403
966569082408
966569085784
966569087041
966569087394
40754025055
96402568
244781
261341808860
218926956971
244999382269
996997649472
996556103476
60135416559
967708692991
967708238611
221766278484
77059133084
992022959647
989904088923
989149728239
21695656288
25765105299
96878120484
254787615194
855979455182
79995829663
989353485991
25763723846
998951824763
998951869254
998952816141
998952899317
998953756225
998954066743
998954136981
998954696956
998955199835
998955216991
998955426265
998956137130
998956477324
998956894558
998958344418
998958734450
998959284900
998991329268
998995634942
998995934401
998996526994
998996979149
79587780584
959651489573
50248303860
50255972300
50230102579
50232209556
243972667069
639690857553
6287851425688
380924776912
380924820398
380925239337
380925592188
380925879383
923343189938
93760461112
94716772796
261387180408
218913530493
218919477001
218917306612
263737389742
218916146451
218918932387
263731761568
263731405312
263737438790
263739312911
989217859649
967775281002
963946756704
201118192030
201023565804
8801577084484
85577203354
85593771633
213675491075
67579908257
84902694313
84899785442
84903008439
84794865559
84936530810
84937002854
84904132763
84935638254
93706810576
213799167695
213774902292
213770709958
213775734994
213799312629
213773646306
213771629166
213771119568
213790890264
213770272710
213776644038
213791198288
213783906506
213798450744
213770804236
213770662667
213774917578
213799503047
213781081912
213775290252
77051729508
8801711886505
212600463554
639859735197
989915766811
79000192185
254770970125
77006281213
261383330697
254777266882
996558628230
992929601089
22893080159
59176406630
93764817437
923555870563
959651709644
9779804763261
251923573254
998951872497
998954145302
998951971635
998952140215
998953168265
998958101351
998953317829
998998552750
998993214258
998992771740
998951566005
998958708199
998956214748
998952772450
998953494937
998953914442
998998167443
998994125023
998956102682
254782099006
639190647329
639190754922
639985518504
639399787235
639209072407
639213198256
639190796052
639192189250
639105097665
639988416291
639297829307
221767223030
967784260160
261342074862
393110705675
221767242351
22892820351
93745458242
93745497045
93745581810
93745503823
201192732073
201151203881
201117127317
201117162013
201117172259
6288122376750
6288122309264
6288122244666
6288122518959
6288211280693
96599850801
96597970813
96597650589
96599077494
218930182779
218930175065
218919995015
218912185120
218934644400
22781767166
22781392252
22782151595
22792681677
22781477283
249119407691
249128457544
249128431476
249114299277
249128280654
25764059123
8801376092640
970592707103
970592366153
970597139611
970597016653
970593449436
32464121163
2203645028
2205832991
971525882922
256751785230
375335601940
992923004999
221761691394
221761639803
221761539574
221765690678
221769202484
221767546996
221762234253
221762673244
221767812244
221760188193
221769254205
221766230194
221766679167
221762923442
221766551750
221763841484
221767215168
221763900215
221767554792
221764201048
40740408368
4917658320887
59170773611
224628384460
213665662311
959687047081
23597462651
84965283543
994550382863
491758289547
970590535239
218912114023
4917661396494
639206834003
32469191448
25763233262
584266499548
584267386355
201207480351
25767302167
8801402827044
260953692138
261342145303
639217198709
639221950576
967711114687
855977039013
8801408476530
639681830515
959681875372
38631490032
38651153659
38631985457
38641560619
38651338384
38348567807
38348874584
38348247509
38348904620
38348272034
38348232819
32461095712
2694503995
2694331585
967700142661
967701659252
998952942348
50766798566
996555152878
996550542415
996558332015
996559995661
996555895253
996990611008
996551005991
996558417688
996755611632
996755700408
996556004103
996550323081
996558354190
996550008036
996557127295
996559281202
996558344541
996552605793
996556111871
996554888316
97456437276
989227437093
38349904351
639816306735
254771706066
96566407845
96898279052
639674421949
639456921355
639953417358
639155696178
639157632806
639365757626
639171860003
639761519477
639959502178
639178597972
639064780891
639761519419
639564684505
639178111358
639157632837
639153551776
639454281593
639175785933
639453768159
639177965311
639171392700
244993470956
244915181850
244995637358
233532951383
38349338192
212664672380
639154059664
639852491911
97452324946
60125160544
967700795727
967701837189
967701859797
967700866461
998953109068
998995512106
998957786038
998958819036
998993963796
998999616584
998998970120
998954426174
998954601234
998951637450
79503898947
79297819190
79306977889
79503865744
79268997678
79267107546
79258503183
79263644863
79228074139
79211268576
79235328574
79204781697
79047865942
79297971271
79398149644
79167090410
79803546169
79858594852
79841189616
79877120695
79824927725
79858269270
79827411846
79867366680
79827642566
79829893789
79841752291
79188357843
79782314592
79193890109
79041387271
79816509956
79103001028
79104153886
79853432242
79180784046
79106294368
79198755037
79826143533
79867244761
79113064640
79898071001
79114169816
79184619816
79191174120
79124471296
972599657555
213697556961
38344148489
994703962287
50495336653
639394604316
966504373676
250782538314
967713607696
994559626906
962795302368
37456916325
212657049329
992202903967
996558052469
8801905191064
67077156143
67077051165
67078409662
67078083505
67076224555
8801923830129
966505794125
994106787856
994101780902
994102230507
994503280631
994505619069
994557781710
994557783253
994557785992
994557786749
994557789050
994557789410
994556251390
994556253609
994556255182
994556257835
994556258105
994556258765
994550031967
994550033756
994550036218
994550038579
994550038809
994550039086
994558771210
994558772961
994558773923
994558774093
994558776706
994558777472
994553190503
994553196552
994553198189
994553198294
994553199557
994553199739
994557850742
994557852713
994557856070
994557856977
994557856994
994557857001
994707732085
994702752487
994702213732
994700485800
994708831976
994702909278
2349014869467
584121930250
584127947392
9779807707578
584128208449
22366525173
212632797445
218927112935
93773040449
6288212755648
9779808370925
923150677347
967717243010
6281932349743
996504172227
84921292181
6289684386863
77076130458
962776720659
201047055925
994502116839
240222587375
201296634417
201296770433
201296772914
201296775042
201296775659
201296775828
201296779817
855882549236
639535792436
639535812823
639667048160
996500411244
996501211521
996501296334
996501414178
996501905854
996501964185
996507819462
50231369860
50240401772
22653098513
22674487292
972599045011
970592550365
972599977861
265899502015
265888538157
265880664755
50762258868
2348091020553
2348099094158
2348094588519
2348180022677
2348181576635
2348184851503
2348175760955
2348173570781
2348174862252
2349091754268
2349092784095
2349098526688
2349088871849
2349087828318
2349080955418
6283110629686
6283114971532
6283121644472
6281241651805
6281262447820
6281318590670
6285934633826
6285934802125
6287703052953
244991000282
25779673569
998949390885
967777748557
8801400444643
201110939247
201111114143
201209649859
201209311911
218918096293
256718815488
256719320842
256719323716
256719326809
256719327089
256719327871
256719329668
256716307962
256717148384
256713672477
5016528492
5016537942
97436584574
6427707536
992716200434
22898660749
218917952493
966561680820
256711059919
256716865957
256712128732
256712927374
260776247007
260776481682
260975124793
260976343088
93764543282
201100173838
4915117038925
8801799710590
260977013656
201296008681
218925003587
967706738767
966561344909
218939959589
93771653220
25762549820
254710770998
9779807427104
244911847691
244995659651
244996535997
260950132411
201200036600
923036677081
25762112374
2205097934
31639982046
255623457645
255651032190
255653459573
255654171941
255655723260
255656356127
255656618856
255657435543
255652278106
255654042950
255652117138
255652270528
255653617422
255654569474
255654679275
255654899993
255675324146
255674575731
255679552413
255674893549
255674974424
255716880753
255712254501
255718307241
255717133563
255710157605
255774090435
255712600194
9647929693439
93762857516
93769197265
96596569233
2290152495885
375297794138
375333201490
375333702966
375333735709
375336103498
375336504117
989196763176
93765142339
967712525490
77714776906
9647513163724
989105532282
97451469915
967718748326
77750763904
77751984964
77752610367
77754697612
77755749426
77755788198
77076669903
77076829870
77077041552
77078428000
77078773454
77079076149
256756659429
8801994589004
380661432365
260952534497
243896497504
254721411863
50238808117
265897914103
265888164998
265888674589
265884368632
265882900119
265884110127
22365574690
639324449030
359884028037
8801939868201
260958647510
93760618478
992931398573
233599610966
6285164350757
639640917992
989192820969
256718562406
966546573193
25769233593
94761534819
9647801020016
994555204781
60129310809
265893630906
60172115497
60175520361
60123586111
60127126402
989386755037
9779817371615
8801914116971
251922376370
244993746008
62817763489
244911428289
996500658132
996550978398
996551398122
996551718722
996551770207
996552037746
996552108202
996552117245
996554717262
996554923827
996555662977
996555946076
996556416896
996556556846
996556583173
996556908756
996556963133
996557726895
996558314214
996559105280
996505858118
251942406387
251700563262
251705903403
251705922202
251707212144
251707763411
251707902012
251708232075
251710783039
251711963187
251712243953
251712543845
251713133916
251713952978
251713963298
251715032870
251715042187
251715942019
251715972065
251716292171
251716562336
251716782798
251716862257
251717483290
251777063008
251777523637
251786643983
251786863919
996507558283
996550437219
639759320609
639635521951
639498806111
639859624620
254743067104
96555293662
244995312720
639999933599
966582193256
966576393722
5016553043
5016756146
5016747502
251900566689
251902852015
251910766351
251911371282
251912143782
251918057149
251923590464
251929267059
251946766156
251954849927
251965734569
251982094309
251985777090
201295577134
201295662526
9647503853443
212604387800
260951052345
260951471742
260951626371
260952901446
260956680328
260956932590
260957039824
260957220626
260957521376
260957862450
260957902498
260971154952
260971766810
260973185580
260977108731
260978467074
260978833815
251919596550
93775270880
251943645103
639224701459
96591878150
8801710159091
213674307664
97437135925
94744350057
94774971255
94740314259
94743135017
94744201568
94741361871
94743466825
94756778951
94752763639
94757846023
94758140293
94758582512
94759158991
94752521098
94718205053
94716791107
94713156536
94716960034
94715874554
94702439328
94717610439
255654859924
255677854079
255711292019
989163047537
96598719126
639285354247
967707001064
260951813016
260957271695
260952936697
260954477213
260952605714
260958693514
84899784541
84902427988
84902316155
84908116186
84933902576
221764843253
989140325969
2347020534388
96594485931
639996908888
8801963751426
4915732394390
25769142657
251900467189
966568150089
77474838241
380979305215
6288145159436
6288180841224
6288131899763
6288879096315
2349081746421
2348091020890
2349086862628
2349085280954
2349083958424
251940466744
601128266286
244994496942
992225166739
639193439673
966583553237
84913040428
67073008029
255676112432
255777358146
380928497474
966543177329
992024460727
96555736871
967785827448
8801984480906
967775075564
6281717270279
381607700233
380928353251
265880782084
265893512084
265891159523
265883144308
265888478464
265886412468
265880813309
265888186349
265899668509
265893675872
265895724974
265899850685
265890716042
265886255110
265899219668
265882407603
85578730455
2347020354877
989132239289
8801987939317
3197039051485
3197039100246
3197039201476
3197039226567
3197039252647
3197039266421
3197039151477
3197055070775
3197055081898
3197055057155
3197039492091
963932813153
995591924206
380920019126
380920002088
639100870173
96185611851
261347763895
218910644564
996501158430
255618756779
6282323927692
96594903415
96596680022
6289501363974
67074508223
67074370434
67074502898
67074330469
67074592922
67074306588
67074533162
67074518628
67074512889
67074541195
67074539059
261389580166
244918460256
255659683447
255677999379
60173471934
244917246938
244919101209
244911834089
244911832689
244910935298
244910935294
244911832371
244911831742
244995308072
62882003831252
62882001057110
62882003041174
62882022036580
62882000027197
62882002619326
62882003220853
62882003571561
62882003828894
67077572187
67077636291
67077246538
67078639151
84934025230
96598796626
96598872168
96597218234
96590001432
96590067791
96596770852
96597767844
96590982828
96599623653
96599299166
79298490189
79287024300
79268006652
79211065470
79211077950
79253467233
79274310549
79208402358
79260592281
79292009679
255675689358
2694790088
639050620335
966552622424
923300795802
258826325203
258824834546
258826283743
258828289458
258828232663
260956655996
260958369555
260950248431
260952294140
244912756672
992987602887
992989406396
992988888399
992918396117
992918672922
6288950736657
254777416729
639566840242
79167190008
261342240386
251965385895
8801924620007
923341333121
249903898957
9779805262082
201227970221
93737098081
375449620375
375294791500
923361507419
380713632550
380993125797
380713424828
380952075369
380505810308
380993442145
380957528007
380669607399
380990312605
380500878997
251705954237
251708947634
251711596660
251711976013
251715760837
251941819747
251970699287
251988774661
251989655054
251990060988
201228352250
6283151583006
8801953601414
38631486187
38651605598
38641447658
38631556947
38651244935
38641699896
38631579560
994555031094
994555161988
994555171916
994555191330
994555201515
994555251942
994555281624
994555291684
994555311141
994555331929
994555351042
994555371511
994555391463
994555421159
994555441516
994555451903
994555471386
994555481605
994555501798
994555521343
994555531974
994555551319
994555571722
994555581010
994555611858
994555621055
994555681159
994555701750
994555711220
994555771819
994555781823
994555831637
994555881342
994555891474
994555901826
994555911806
994555921901
994555981196
994556011940
994556021634
994556031308
994556041528
994556051444
994556061669
994556071086
994556081712
994556091804
994556101709
994556131447
994556141286
994556161556
994556171910
994556201043
994556261409
994556341244
994556361799
994556401309
994556481572
994556491231
994556501670
994556531000
994556561224
994556571854
994556581084
994556631845
994556651846
994556711285
994556721299
994556781001
994556821371
994556851551
994556881193
994556901968
994556941023
994556951929
994556971076
994557001367
994557021024
994557031816
994557071045
994557111643
994557121251
994557131732
994557141097
994557151611
994557171282
994557181392
994557251816
994557261795
994557331638
994557351137
994557371615
994557411325
994557421256
994557471989
994557501784
994557581037
994557601914
994557611303
994557711252
994557761428
994557771133
994557791355
994557861257
994557881949
994557891770
994557911232
994557981193
994558021104
994558031764
994558041440
994558051681
994558071683
994558091712
994558101378
994558121194
994558141628
994558151367
992878280011
992878280058
992878280122
22897020361
8801947841467
96890271851
628823569246488
221766202561
923339754021
261348698567
639270545985
639270497482
62895328652669
62895328652943
62895328650441
62895328657902
93760331530
93760332235
93760338025
96597537511
96597539646
96597532129
96597534894
96597535036
255712556473
255712951892
255713635081
255714133910
255714730555
255675587547
255655345237
255658696616
224621539464
255655345237
255658696616
224621539464
255676138131
255676119333
255659970314
255658634896